"DiseaseMaskFactor" = 4.00000
"FogSpeedFactor" = 0.300000
"FogStrengthFactor" = 0.400000